[screenshot]
x1 = 787.3709677419355
x2 = 2798.661290322581
y1 = 382.4354838709678
y2 = 1031.5967741935483

[cerse]
x = 1600.2096774193546
y = 1395.016129032258

[screenshot_auto]
ox1 = 1492.3642266824086
ox2 = 1867.750295159386
oy1 = 297.3606847697756
oy2 = 1355.5141676505314
sx1 = 1875.9108618654072
sx2 = 2262.177685950413
sy1 = 298.72077922077915
sy2 = 1362.314639905549

[screenshot_score]
sx1 = 1697.738488783943
sx2 = 1807.9061393152301
sy1 = 138.2296340023613
sy2 = 185.8329397874852

[screenshot_options]
x1 = 1135.3470742740406
x2 = 2286.842769589961
y1 = 1202.54684079965
y2 = 1436.488180358967

[tasks]
x11 = 921.5964887681197
x12 = 1556.5772935180976
y11 = 980.9909439034532
y12 = 1120.2411203837114
x21 = 1747.3500352960518
x22 = 2379.545836516425
y21 = 982.3834456682557
y22 = 1117.4561168541063
x31 = 922.9889905329222
x32 = 1564.9323041069133
y31 = 1188.4737068590382
y32 = 1319.3688727504812
x41 = 1754.3125441200646
x42 = 2415.750882401292
y41 = 1188.4737068590382
y42 = 1326.3313815744941

