[screenshot]
x1 = 787.3709677419355
x2 = 2798.661290322581
y1 = 382.4354838709678
y2 = 1031.5967741935483

[cerse]
x = 1600.2096774193546
y = 1395.016129032258

[screenshot_auto]
ox1 = 1492.3642266824086
ox2 = 1867.750295159386
oy1 = 297.3606847697756
oy2 = 1355.5141676505314
sx1 = 1875.9108618654072
sx2 = 2262.177685950413
sy1 = 298.72077922077915
sy2 = 1362.314639905549

[screenshot_score]
sx1 = 1697.738488783943
sx2 = 1807.9061393152301
sy1 = 138.2296340023613
sy2 = 185.8329397874852

[screenshot_options]
x1 = 1135.3470742740406
x2 = 2286.842769589961
y1 = 1202.54684079965
y2 = 1436.488180358967

[tasks]
x11 = 1122.4185360094448
x12 = 1575.3299881936246
y11 = 1061.7337662337663
y12 = 1156.9403778040141
x21 = 1712.6995277449823
x22 = 2162.8907910271546
y21 = 1060.3736717827628
y22 = 1158.3004722550177
x31 = 1122.4185360094448
x32 = 1583.4905548996458
y31 = 1201.8234946871312
y32 = 1297.030106257379
x41 = 1708.6192443919717
x42 = 2173.771546635183
y41 = 1205.9037780401418
y42 = 1299.750295159386

