[screenshot]
x1 = 787.3709677419355
x2 = 2798.661290322581
y1 = 382.4354838709678
y2 = 1031.5967741935483

[cerse]
x = 1600.2096774193546
y = 1395.016129032258

