[screenshot]
x1 = 57.758064516129025
x2 = 3331.3064516129034
y1 = 737.5322580645161
y2 = 1026.0483870967741

[cerse]
x = 1600.2096774193546
y = 1395.016129032258

