[screenshot]
x1 = 787.3709677419355
x2 = 2798.661290322581
y1 = 382.4354838709678
y2 = 1031.5967741935483

[cerse]
x = 1600.2096774193546
y = 1395.016129032258

[screenshot_auto]
ox1 = 1492.3642266824086
ox2 = 1867.750295159386
oy1 = 297.3606847697756
oy2 = 1355.5141676505314
sx1 = 1875.9108618654072
sx2 = 2262.177685950413
sy1 = 298.72077922077915
sy2 = 1362.314639905549

[screenshot_score]
sx1 = 1697.738488783943
sx2 = 1807.9061393152301
sy1 = 138.2296340023613
sy2 = 185.8329397874852

